2.023615	7.855410	1.295034	2.447180	-0.100832
1.637460	11.044645	1.384566	2.904560	-0.048922
1.430795	15.177926	2.196040	2.822268	-0.026462
1.384517	18.678494	2.917383	2.603513	-0.021864
1.432926	20.670523	3.522263	2.241714	-0.025724
1.586814	20.339630	3.960996	1.777961	-0.031810
1.938151	17.570714	4.152698	1.346651	-0.043575
2.633253	14.295726	4.127887	1.259356	-0.071470
3.900482	13.455639	3.996433	1.616002	-0.147136
4.563866	15.065562	3.879309	2.221629	-0.158577
4.670727	16.986819	3.771513	2.828672	-0.128847
4.628778	18.052816	3.594694	3.319132	-0.100155
4.497280	18.008642	3.303230	3.679294	-0.076619
4.297425	16.965211	2.897179	3.929339	-0.058006
4.050135	15.206667	2.409852	4.078238	-0.046825
3.791747	13.201234	1.913598	4.110837	-0.054354
3.677797	11.549673	1.598406	3.913938	-0.099145
3.838881	10.754450	2.418690	3.420532	-0.215680
0.628018	12.332562	2.000645	2.540464	-0.051125
0.426350	15.268770	0.505629	3.002525	-0.030996
0.266639	19.492078	0.630980	2.961165	-0.016118
0.172401	23.700833	1.077408	2.836083	-0.008177
0.127126	27.054055	1.893406	2.534105	-0.004952
0.116558	28.734480	2.923477	2.062768	-0.004228
0.138303	28.242609	3.711005	1.433301	-0.004988
0.218128	27.210751	4.080799	1.052915	-0.008089
0.467670	27.441700	4.050027	1.147415	-0.018359
1.325508	28.948694	3.761545	1.716862	-0.045894
2.159705	30.430318	3.378165	2.510004	-0.068105
2.689301	30.993491	2.998938	3.258995	-0.078294
2.918225	30.484282	2.645850	3.846519	-0.079630
2.933028	29.124687	2.322168	4.258157	-0.076793
2.812334	27.269280	2.047317	4.505081	-0.073222
4.619693	25.326933	1.851166	4.587728	-0.213423
5.005271	23.731463	1.798222	4.472546	-0.280426
3.001416	22.757090	4.195050	4.076106	-0.130425
0.151787	15.213061	2.544102	2.294325	-0.005980
0.110501	18.446441	0.988693	2.783825	-0.003891
0.076556	23.424867	1.120779	2.712523	-0.002380
0.053015	28.836372	1.447914	2.534877	-0.001487
0.038259	31.162662	2.113532	2.020036	-0.001021
0.029995	33.109272	2.840391	1.185091	-0.000795
0.025403	32.920749	3.115211	0.055871	-0.000678
0.023512	31.675878	3.046732	0.850529	-0.000635
0.025507	31.384921	2.757389	1.001147	-0.000729
0.218609	32.487285	2.375057	0.620898	-0.007220
0.691871	35.131456	1.998833	0.138573	-0.021506
1.251289	39.289144	1.663845	1.038852	-0.036445
1.709787	39.372493	1.398519	1.883613	-0.046913
1.993056	38.430793	1.201105	2.563594	-0.051955
2.107754	36.831846	1.054565	3.046769	-0.052302
2.113761	35.014746	0.951222	3.341934	-0.047699
2.081905	33.446740	0.920721	3.418143	-0.036075
2.918113	32.495682	5.349759	3.112218	-0.106859
0.085805	17.214410	2.963810	2.220660	-0.002204
0.066594	20.990004	1.450516	2.778315	-0.001614
0.048706	25.586974	1.636656	2.659574	-0.001146
0.034137	27.189787	1.958811	2.371860	-0.000799
0.023713	28.505737	2.515134	1.413246	-0.000564
0.017277	29.699742	2.687423	0.059182	-0.000416
0.013295	28.075890	2.169361	2.260866	-0.000318
0.011062	25.637803	1.611255	3.310289	-0.000262
0.010095	24.504277	1.061479	3.449054	-0.000233
0.034947	24.895573	0.699983	3.064173	-0.001039
0.177439	27.622962	0.573298	2.266238	-0.005241
0.457685	33.039179	0.382495	1.319369	-0.012620
0.794739	39.856307	0.149293	0.364953	-0.020277
1.092990	41.955094	0.198745	0.480207	-0.025665
1.297339	41.039930	0.370829	1.143892	-0.027375
1.399852	39.709172	0.464566	1.598445	-0.023438
1.434598	38.427568	0.454516	1.817271	-0.009537
2.261146	37.583413	6.014102	1.571524	-0.071183
0.066571	18.265512	3.252929	2.162756	-0.001610
0.049852	22.692938	1.931759	2.788707	-0.001168
0.033951	23.952676	2.148099	2.599730	-0.000791
0.021597	23.849715	2.494133	2.152824	-0.000508
0.013143	22.909039	2.875356	0.301890	-0.000314
0.008568	21.841033	2.101981	2.229915	-0.000204
0.006192	17.830363	1.656176	5.690560	-0.000147
0.004944	14.428197	1.303931	6.187134	-0.000115
0.004465	12.949210	1.206337	5.998050	-0.000101
0.008728	13.109310	1.557651	5.511221	-0.000227
0.049845	16.160444	1.610592	4.434364	-0.001395
0.168150	22.503611	1.520698	3.419340	-0.004451
0.358765	30.609601	1.445890	2.418836	-0.008821
0.575474	39.114987	1.454624	1.500512	-0.013077
0.767811	39.155452	1.519507	0.740288	-0.015893
0.905646	38.484214	1.585504	0.189048	-0.015573
0.992285	37.581935	1.610420	0.130931	-0.008426
1.622784	36.902892	6.025461	0.058718	-0.048291
0.042591	18.343182	3.392567	2.110308	-0.001010
0.030698	21.580502	2.356050	2.790384	-0.000719
0.019221	22.090680	2.580535	2.524199	-0.000453
0.010826	20.050419	3.020851	1.934638	-0.000260
0.005414	15.682377	3.051960	1.771040	-0.000132
0.003297	10.787106	5.195330	10.225035	-0.000081
0.002447	5.903965	4.573122	9.739284	-0.000060
0.001904	3.626231	3.001710	6.885436	-0.000045
0.001824	2.762269	2.415130	5.792070	-0.000043
0.003784	2.911599	2.747353	5.627463	-0.000099
0.019955	5.970181	2.940761	5.032036	-0.000557
0.075408	12.170289	2.516666	4.531649	-0.002012
0.184112	20.151747	2.297194	3.734530	-0.004654
0.332313	28.647195	2.249398	2.884941	-0.008052
0.489457	32.205758	2.292028	2.124437	-0.011496
0.626432	32.288899	2.359485	1.530284	-0.013889
0.730763	31.814260	2.417914	1.130575	-0.012622
1.129773	31.295691	5.416858	1.251814	-0.034088
0.022508	17.594072	3.376931	2.057051	-0.000542
0.015563	20.693818	2.612370	2.749118	-0.000374
0.008851	20.936380	2.799832	2.428753	-0.000216
0.004285	17.905293	3.476240	2.118322	-0.000106
0.001598	11.411585	3.611417	8.289762	-0.000041
0.008793	1.454376	2.727650	3.328574	-0.000259
0.040885	5.311546	2.233077	4.482942	-0.001094
0.111623	11.470261	2.219295	4.033270	-0.002898
0.218220	18.546969	2.298566	3.366733	-0.005633
0.341230	22.756454	2.410335	2.697957	-0.008908
0.453683	23.494125	2.517009	2.123096	-0.011859
0.531124	23.413718	2.615740	1.670142	-0.012572
0.693148	23.048631	4.356336	1.700624	-0.021473
0.010066	16.307098	3.232632	1.981730	-0.000253
0.006631	19.743201	2.613613	2.572242	-0.000166
0.003395	19.767718	2.565462	1.964622	-0.000086
0.001370	16.084920	2.821336	1.042196	-0.000035
0.000408	9.139727	3.920477	7.132139	-0.000010
0.004051	0.988283	1.070557	1.189359	-0.000088
0.025492	1.559062	1.170978	3.236911	-0.000592
0.075486	5.226275	1.502470	3.297795	-0.001869
0.150978	10.297192	1.773884	2.932003	-0.003901
0.234586	13.848383	1.980178	2.442919	-0.006304
0.299373	14.940600	2.131585	1.953962	-0.008244
0.318014	15.147951	2.258466	1.503179	-0.008432
0.313411	14.947666	3.118220	1.463340	-0.009865
0.003869	14.778791	3.024630	1.888647	-0.000103
0.002420	18.456064	2.482012	2.328682	-0.000064
0.001126	18.151406	2.261974	1.537939	-0.000030
0.000392	14.155887	2.306412	0.650467	-0.000010
0.000105	7.658832	3.621579	5.567258	0.000005
0.002798	1.050037	0.408191	0.275589	-0.000036
0.015651	0.450841	0.405964	1.974368	-0.000261
0.046975	1.771354	0.777786	2.109435	-0.001003
0.091069	5.016160	1.108196	1.973344	-0.002194
0.132105	7.606001	1.345958	1.679396	-0.003423
0.150478	8.643686	1.513405	1.327437	-0.004084
0.134131	8.943304	1.641810	0.968698	-0.003670
0.099064	8.872687	2.005676	0.934422	-0.003243
0.001277	13.145742	2.801595	1.747709	-0.000035
0.000758	16.996079	2.332103	1.995995	-0.000020
0.000323	16.370460	2.017771	1.105512	-0.000009
0.000100	12.391444	1.926738	0.378362	0.000004
0.000025	6.564837	3.172341	4.703083	0.000005
0.001704	0.904463	0.467216	0.087303	-0.000018
0.008180	0.991732	0.416834	1.014607	-0.000113
0.022222	1.259784	0.441888	1.079416	-0.000400
0.040686	2.797648	0.638186	1.036764	-0.000875
0.053566	4.289049	0.820604	0.887063	-0.001286
0.053058	4.930536	0.962845	0.684470	-0.001367
0.040024	5.106630	1.069632	0.473432	-0.001082
0.025208	5.061839	1.204892	0.493911	-0.000863
0.000367	11.316603	2.598902	1.478769	-0.000011
0.000209	15.285079	2.258224	1.527352	-0.000004
0.000082	14.497214	1.867402	0.662210	0.000006
0.000022	10.854597	1.620197	0.168196	0.000005
0.000005	5.743708	2.690314	4.133312	0.000002
0.000651	0.675345	0.407115	0.249211	-0.000004
0.002895	0.916392	0.474981	0.427136	-0.000027
0.007553	1.204854	0.409405	0.430576	-0.000106
0.013034	1.980482	0.426721	0.419633	-0.000234
0.015782	2.723746	0.491958	0.363152	-0.000324
0.014235	2.972207	0.579354	0.278663	-0.000315
0.010274	2.942003	0.664508	0.190446	-0.000233
0.006432	2.820366	0.716880	0.250043	-0.000162
0.000113	8.896292	2.505278	0.926425	0.000003
0.000059	13.157473	2.318789	0.929198	0.000006
0.000019	12.662060	1.781180	0.285277	0.000004
0.000004	9.646215	1.343730	0.047491	0.000002
0.000001	5.177034	2.254900	3.751126	0.000001
0.000221	0.476311	0.262260	0.273964	0.000000
0.000839	0.619177	0.429953	0.151175	-0.000001
0.002078	0.802001	0.387811	0.130379	-0.000014
0.003405	1.380112	0.322592	0.130093	-0.000036
0.003997	1.894008	0.277636	0.119246	-0.000044
0.003725	1.963375	0.319614	0.097538	-0.000033
0.003012	1.744284	0.411786	0.073651	-0.000003
0.002206	1.457765	0.449133	0.142357	0.000038
0.000031	5.438568	2.343866	0.737358	0.000005
0.000014	11.008298	2.964751	0.850036	0.000004
0.000005	11.341891	3.231327	0.399296	0.000002
0.000002	8.951189	3.504518	0.215412	0.000001
0.000001	4.883686	4.178697	3.451031	0.000001
0.000084	0.357882	0.318407	0.228468	0.000002
0.000247	0.335209	0.357997	0.108513	0.000002
0.000582	0.318152	0.320945	0.088031	0.000002
0.000956	0.964875	0.309915	0.073964	0.000001
0.001202	1.494287	0.312937	0.049159	0.000004
0.001260	1.521641	0.321606	0.017262	0.000016
0.001152	1.161264	0.329450	0.011520	0.000040
0.000998	0.583951	0.293441	0.038283	0.000093
